6.4
7.4
6.4
7.1
8.3
5.1
5.5
6.1
7.4
7.1
8.3
5.5
5.1
6.7
5.5
4.2
10
6.4
4.8
6.1
2.6
7.1
5.5
7.4
8
6.7
5.5
10
3.8
5.5
7.4
4.2
9
2.6
5.5
7.1
5.8
4.8
5.5
3.8
6.1
7.7
4.8
8
7.7
7.1
6.1
7.1
6.4
5.5
6.4
6.1
6.4
5.1
5.1
5.5
5.5
5.5
2.9
4.8
5.1
8.3
5.8
6.1
7.4
5.5
5.5
3.8
7.1
4.5
6.4
5.8
6.4
7.4
1
7.7
8.7
4.8
7.4
5.5
5.1
4.2
4.5
6.1
7.1
4.8
6.7
5.1
4.5
6.4
6.4
8.3
8.3
5.1
5.8
6.7
5.8
5.5
6.7
6.7
5.1
6.1
6.4
4.5
4.5
5.8
8
7.7
6.1
7.4
7.4
6.7
7.4
7.7
7.4
3.2
7.1
5.8
5.5
8
7.1
8
5.1
7.1
5.1
7.1
6.4
7.7
6.7
5.1
6.7
7.1
7.7
2.6
7.1
6.1
8.3
5.8
6.7
2.9
3.5
3.8
5.8
6.1
5.8
5.8
6.7
4.2
8.7
5.5
4.8
5.5
5.1
4.5
3.8
6.4
7.4
6.4
7.1
8.3
5.1
5.5
6.4
7.4
6.4
7.1
8.3
5.1
5.5
6.1
7.4
7.1
8.3
5.5
5.1
6.7
5.5
4.2
6.4
4.8
6.1
2.6
7.1
5.5
7.4
8
6.7
5.5
3.8
5.5
7.4
4.2
9
2.6
5.5
7.1
5.8
4.8
5.5
3.8
6.1
7.7
4.8
8
7.7
7.1
6.1
7.1
6.4
5.5
6.4
6.1
6.4
5.1
5.1
5.5
5.5
5.5
2.9
4.8
5.1
8.3
5.8
6.1
7.4
5.5
5.5
3.8
7.1
4.5
6.4
5.8
6.4
7.4
1
7.7
8.7
4.8
7.4
5.5
5.1
4.2
4.5
6.1
7.1
4.8
6.7
5.1
4.5
6.4
6.4
8.3
8.3
5.1
5.8
6.7
5.8
5.5
6.7
6.7
5.1
6.1
6.4
4.5
4.5
5.8
8
7.7
6.1
7.4
7.4
6.7
7.4
7.7
7.4
3.2
7.1
5.8
5.5
8
7.1
8
5.1
7.1
5.1
7.1
6.4
7.7
6.7
5.1
6.7
7.1
7.7
2.6
7.1
6.1
8.3
5.8
6.7
2.9
3.5
3.8
5.8
6.1
5.8
5.8
6.7
4.2
8.7
5.5
4.8
5.5
5.1
4.5
3.8
7.4
5.1
5.1
4.5
5.1
7.1
5.8
6.4
7.7
3.5
7.7
8.3
8
6.4
4.8
6.1
5.8
6.4
6.1
6.7
6.1
6.7
7.1
7.4
5.8
1.9
4.8
7.4
7.7
4.5
3.5
4.5
4.2
6.4
6.1
7.4
7.1
8.3
5.5
5.1
6.7
5.5
4.2
6.4
4.8
6.1
2.6
7.1
5.5
7.4
8
6.7
5.5
3.8
5.5
7.4
4.2
9
2.6
5.5
7.1
5.8
4.8
5.5
3.8
6.1
7.7
4.8
8
7.7
7.1
6.1
7.1
6.4
5.5
6.4
6.1
6.4
5.1
5.1
5.5
5.5
5.5
2.9
4.8
5.1
8.3
5.8
6.1
7.4
5.5
5.5
3.8
7.1
4.5
6.4
5.8
6.4
7.4
1
7.7
8.7
4.8
7.4
5.5
5.1
4.2
4.5
6.1
7.1
4.8
6.7
5.1
4.5
6.4
6.4
8.3
8.3
5.1
5.8
6.7
5.8
5.5
6.7
6.7
5.1
6.1
6.4
4.5
4.5
5.8
8
7.7
6.1
7.4
7.4
6.7
7.4
7.7
7.4
3.2
7.1
5.8
5.5
8
7.1
8
5.1
7.1
5.1
7.1
6.4
7.7
6.7
5.1
6.7
7.1
7.7
2.6
7.1
6.1
8.3
5.8
6.7
2.9
3.5
3.8
5.8
6.1
5.8
5.8
6.7
4.2
8.7
5.5
4.8
5.5
5.1
4.5
3.8
7.4
5.1
5.1
4.5
5.1
7.1
5.8
6.4
7.7
3.5
7.7
8.3
8
6.4
4.8
6.1
5.8
6.4
6.1
6.7
6.1
6.7
7.1
7.4
5.8
1.9
4.8
7.4
7.7
4.5
3.5
4.5
4.2
6.4
7.4
5.1
5.1
4.5
5.1
7.1
5.8
6.4
7.7
3.5
7.7
8.3
8
6.4
4.8
6.1
5.8
6.4
6.1
6.7
6.1
6.7
7.1
7.4
5.8
1.9
4.8
7.4
7.7
4.5
3.5
4.5
4.2
6.4
